plastic 1690 1676 2213 2050
plastic 1161 1831 2136 2315
plastic 2974 2344 3587 2834
paper 2597 2615 3200 3041
plastic 2939 1524 3436 2037
plastic 2500 1441 3100 1937
plastic 3252 844 4129 1441
plastic 2216 241 3165 992
plastic 1103 221 1723 605
plastic 239 895 690 1237
plastic 658 918 1052 1383
plastic 713 812 1387 1521
paper 626 1634 1242 2312
plastic 1407 1299 1813 1741
plastic 1484 973 2029 1276
paper 3619 2092 3897 2318
paper 3894 1699 4160 2322
plastic 7 1334 468 1737
plastic 1 2183 290 2508
plastic 2232 1892 2942 2566
paper 1916 724 2307 999
plastic 3587 2702 3974 3120
